0 0.0828125 0.459375 0.05703125 0.084375
0 0.05625 0.16171875 0.05078125 0.05546875
0 0.15234375 0.19765625 0.05390625 0.0609375
0 0.16875 0.09296875 0.04921875 0.08125
0 0.23984375 0.0359375 0.0453125 0.05078125
0 0.2875 0.12734375 0.0265625 0.0453125
0 0.3359375 0.1734375 0.03359375 0.04375
0 0.41484375 0.04140625 0.02578125 0.0625
0 0.44375 0.0203125 0.05 0.040625
0 0.4046875 0.26171875 0.0546875 0.046875
0 0.51328125 0.25703125 0.05078125 0.0453125
0 0.6375 0.1484375 0.07265625 0.05234375
0 0.6734375 0.16171875 0.04609375 0.0375
0 0.815625 0.11015625 0.0453125 0.084375
0 0.85625 0.13515625 0.05078125 0.03515625
0 0.9859375 0.159375 0.028125 0.06875
0 0.8265625 0.1953125 0.05703125 0.05390625
0 0.76328125 0.209375 0.06171875 0.040625
0 0.7671875 0.25078125 0.040625 0.0390625
0 0.95234375 0.4359375 0.0171875 0.03359375
0 0.940625 0.57734375 0.05 0.07890625
0 0.9 0.58828125 0.04921875 0.0625
0 0.81796875 0.59140625 0.0515625 0.05390625
0 0.77734375 0.65546875 0.06796875 0.04765625
0 0.98203125 0.784375 0.034375 0.0859375
0 0.5828125 0.64921875 0.0703125 0.0828125
0 0.4359375 0.75703125 0.04453125 0.07421875
0 0.25703125 0.8625 0.02421875 0.0375
0 0.434375 0.85390625 0.090625 0.040625
0 0.1546875 0.325 0.0453125 0.02734375
0 0.12578125 0.45390625 0.0203125 0.02890625
0 0.06484375 0.26953125 0.03515625 0.07109375
0 0.05859375 0.0453125 0.04609375 0.06953125
0 0.5203125 0.58984375 0.0203125 0.065625
0 0.62734375 0.7484375 0.0484375 0.07734375
0 0.25390625 0.66953125 0.0515625 0.07734375
0 0.18984375 0.665625 0.02265625 0.0453125
0 0.6875 0.3984375 0.0828125 0.0875
0 0.7328125 0.33359375 0.06328125 0.04765625
0 0.6078125 0.40390625 0.06484375 0.0421875
0 0.540625 0.3671875 0.04296875 0.03359375
0 0.79453125 0.25390625 0.02578125 0.03359375
0 0.6515625 0.2953125 0.0421875 0.04375
0 0.41875 0.346875 0.02734375 0.03671875
0 0.546875 0.40859375 0.05546875 0.04921875
0 0.12265625 0.3578125 0.01328125 0.03203125
0 0.103125 0.196875 0.01171875 0.0390625
0 0.00703125 0.265625 0.0125 0.03046875
0 0.04609375 0.009375 0.0453125 0.01875