0 0.6609375 0.18203125 0.265625 0.35
0 0.10390625 0.1703125 0.20703125 0.33984375
0 0.3546875 0.3046875 0.3328125 0.2328125
0 0.08046875 0.48828125 0.16015625 0.30234375
0 0.13046875 0.81328125 0.25390625 0.33828125
0 0.46015625 0.446875 0.378125 0.26875
0 0.90234375 0.1484375 0.1953125 0.296875
0 0.878125 0.4890625 0.2421875 0.3359375
0 0.65546875 0.67890625 0.20078125 0.2140625
0 0.44765625 0.76640625 0.19375 0.22265625
0 0.6015625 0.87265625 0.2 0.20234375
0 0.946875 0.73359375 0.10625 0.078125
0 0.8640625 0.8140625 0.15234375 0.06796875
0 0.84921875 0.91171875 0.14375 0.08671875