0 0.21953125 0.7484375 0.38125 0.24375
0 0.3109375 0.56015625 0.15 0.13359375
0 0.08359375 0.515625 0.10546875 0.0765625
0 0.12578125 0.23828125 0.06328125 0.08203125
0 0.0734375 0.15703125 0.0359375 0.05
0 0.61796875 0.146875 0.109375 0.07109375
0 0.51640625 0.28203125 0.15390625 0.12578125
0 0.6125 0.359375 0.078125 0.1015625
0 0.34375 0.3015625 0.0625 0.09296875
0 0.628125 0.70859375 0.20703125 0.22890625
0 0.82265625 0.6921875 0.08046875 0.08203125
0 0.51875 0.46484375 0.11484375 0.096875
0 0.7671875 0.3796875 0.0359375 0.03671875
0 0.796875 0.240625 0.0546875 0.0796875
0 0.8609375 0.3171875 0.0875 0.05703125