0 0.121875 0.1109375 0.16875 0.12265625
0 0.584375 0.146875 0.26953125 0.25625
0 0.81875 0.16484375 0.11171875 0.1296875
0 0.79453125 0.27890625 0.128125 0.05078125
0 0.8703125 0.33828125 0.1921875 0.09453125
0 0.809375 0.5296875 0.2375 0.2
0 0.8625 0.6765625 0.2078125 0.16171875
0 0.90546875 0.85234375 0.12421875 0.2171875
0 0.74921875 0.840625 0.13828125 0.10234375
0 0.65625 0.79296875 0.1640625 0.1
0 0.621875 0.753125 0.1265625 0.05625
0 0.65625 0.65859375 0.175 0.12265625
0 0.44375 0.57421875 0.1734375 0.28125
0 0.53515625 0.3421875 0.2578125 0.24921875
0 0.30390625 0.85703125 0.17890625 0.09765625
0 0.1640625 0.86328125 0.16015625 0.0703125
0 0.22109375 0.79375 0.15703125 0.07578125
0 0.2140625 0.70625 0.1640625 0.08671875
0 0.18046875 0.49765625 0.1953125 0.14140625
0 0.13359375 0.43203125 0.1609375 0.075
0 0.25078125 0.3703125 0.1921875 0.07578125
0 0.20625 0.2703125 0.1921875 0.08828125
0 0.2875 0.17734375 0.146875 0.17890625