0 1 0.216227 0.98491 0.210164 0.926316 0.204061 0.893765 0.182698 0.874234 0.182698 0.856872 0.191854 0.844937 0.208638 0.838426 0.226949 0.823235 0.321554 0.821065 0.364278 0.810214 0.416158 0.727749 0.547384 0.690856 0.657247 0.686516 0.703023 0.690856 0.718282 0.698452 0.722859 0.708218 0.699972 0.716898 0.657247 0.74945 0.580953 0.762471 0.556539 0.793938 0.518392 0.792853 0.602316 0.808044 0.684713 0.808044 0.736593 0.801534 0.754903 0.801534 0.773214 0.795023 0.791524 0.795023 0.803731 0.811299 0.805257 0.835171 0.789998 0.868808 0.87087 0.887254 0.890706 0.89268 0.88918 0.902445 0.875448 0.908955 0.878499 0.916551 0.861715 0.890509 0.837301 0.883999 0.812887 0.891595 0.811361 0.900275 0.817464 0.919806 0.817464 0.923062 0.812887 0.925231 0.797628 0.915466 0.786947 0.900275 0.780843 0.89702 0.773214 0.921977 0.765584 0.937167 0.753377 0.953443 0.71523 0.970805 0.617574 0.975145 0.54128 0.972974 0.458883 0.962124 0.361227 0.936082 0.294088 0.926316 0.280355 0.910041 0.272726 0.916551 0.254415 0.932827 0.23763 0.963209 0.228475 1 0.228475 1 0.216227
0 0.59137 1 0.58886 0.992941 0.592115 0.988363 0.612731 0.986837 0.602966 0.973104 0.585605 0.960897 0.572584 0.957845 0.571499 0.947164 0.578009 0.925802 0.585605 0.91512 0.605136 0.902913 0.619242 0.883077 0.630093 0.855611 0.645284 0.782369 0.649624 0.724386 0.660474 0.703023 0.664815 0.672505 0.664815 0.638937 0.656134 0.590109 0.649624 0.504659 0.627923 0.425313 0.619242 0.403951 0.599711 0.379537 0.599711 0.373434 0.607306 0.359701 0.613816 0.356648 0.644198 0.350545 0.675666 0.352071 0.66373 0.338338 0.613816 0.32308 0.585605 0.292562 0.550883 0.28951 0.537862 0.298666 0.523755 0.318502 0.517245 0.345968 0.502055 0.382589 0.491204 0.440572 0.482523 0.519918 0.476013 0.544332 0.462992 0.559591 0.393548 0.672505 0.345805 0.80068 0.337124 0.834249 0.334954 0.873922 0.338209 0.884603 0.345805 0.876973 0.352315 0.849508 0.367505 0.81899 0.369676 0.80068 0.376187 0.794576 0.387037 0.764059 0.387037 0.751852 0.392462 0.750326 0.402228 0.730489 0.406568 0.706075 0.414164 0.701498 0.421759 0.681661 0.444546 0.658773 0.466247 0.625203 0.462992 0.742696 0.482523 0.855611 0.489034 0.873922 0.489034 0.898336 0.482523 0.913595 0.478183 0.944112 0.490119 0.954793 0.51182 0.94869 0.517245 0.95632 0.519416 0.97463 0.535452 1 0.59137 1
0 0.397888 0.776266 0.411994 0.771687 0.43261 0.739645 0.441291 0.709127 0.440205 0.677084 0.433695 0.677084 0.404398 0.727437 0.402228 0.739645 0.387037 0.770162 0.390292 0.777791 0.397888 0.776266
0 0.413079 0.815938 0.396802 0.799154 0.381612 0.796102 0.376187 0.803731 0.374016 0.822042 0.366421 0.82662 0.354485 0.849508 0.352315 0.867818 0.375102 0.905965 0.396802 0.91512 0.42393 0.913595 0.42827 0.910543 0.42827 0.904439 0.419589 0.88918 0.398973 0.872396 0.380527 0.846456 0.378356 0.837301 0.381612 0.832723 0.401143 0.832723 0.409823 0.82662 0.413079 0.815938
0 0.415249 0.205587 0.409823 0.197957 0.381612 0.204061 0.368591 0.188802 0.34689 0.188802 0.327359 0.201009 0.311082 0.236105 0.306742 0.272726 0.291551 0.312398 0.269849 0.449727 0.219937 0.559591 0.200405 0.638937 0.185214 0.727437 0.187384 0.751852 0.192809 0.75948 0.237298 0.596212 0.250318 0.559591 0.262254 0.542806 0.265509 0.635884 0.298062 0.739645 0.302402 0.773214 0.308912 0.791524 0.311082 0.822042 0.314337 0.82662 0.325188 0.820516 0.337124 0.825094 0.358825 0.754903 0.389207 0.678609 0.449971 0.577902 0.458652 0.480245 0.441291 0.36733 0.413079 0.29714 0.389207 0.272726 0.389207 0.233052 0.401143 0.216268 0.415249 0.205587
0 0.604051 0.370382 0.604051 0.379537 0.625752 0.416158 0.630093 0.407003 0.630093 0.361227 0.611646 0.359701 0.604051 0.370382
0 0.630093 0.272726 0.621412 0.230001 0.612731 0.211691 0.58886 0.181173 0.59537 0.144552 0.613816 0.130819 0.631177 0.124715 0.629008 0.118612 0.592115 0.11556 0.576924 0.100301 0.557393 0.100301 0.544372 0.106405 0.528096 0.138448 0.528096 0.199484 0.512905 0.236105 0.504224 0.272726 0.477098 0.310873 0.448886 0.326131 0.43695 0.339864 0.446716 0.378011 0.451056 0.371908 0.459737 0.384115 0.470587 0.381062 0.473843 0.385641 0.467332 0.458883 0.467332 0.516866 0.462992 0.54128 0.462992 0.550435 0.469502 0.550435 0.478183 0.532125 0.497714 0.394796 0.523755 0.31545 0.535691 0.298666 0.548712 0.28951 0.572584 0.286459 0.589945 0.292562 0.611646 0.320027 0.630093 0.321554 0.630093 0.272726
0 0.43478 0.0835164 0.440205 0.0789391 0.455396 0.0789391 0.456481 0.0713094 0.448886 0.0636797 0.435865 0.0606281 0.422845 0.0392656 0.407653 0.0362141 0.390292 0.0453695 0.378356 0.0682578 0.376187 0.086568 0.363166 0.114034 0.365336 0.129293 0.354485 0.138448 0.343634 0.187277 0.366421 0.18575 0.381612 0.201009 0.396802 0.194905 0.415249 0.199484 0.417419 0.205587 0.396802 0.222371 0.389207 0.236105 0.393548 0.251363 0.391377 0.272726 0.405484 0.283406 0.426099 0.327657 0.431525 0.335287 0.43478 0.333761 0.466247 0.313924 0.472758 0.295613 0.481438 0.301717 0.499884 0.275777 0.484693 0.233052 0.467332 0.211691 0.462992 0.168966 0.449971 0.129293 0.43261 0.104879 0.43478 0.0835164
0 0.277445 0.701498 0.28287 0.699972 0.265509 0.641988 0.263339 0.559591 0.257914 0.551961 0.250318 0.565695 0.252488 0.602316 0.261169 0.635884 0.261169 0.651144 0.269849 0.675558 0.269849 0.690816 0.277445 0.701498
0 0.311082 0.230001 0.324103 0.202535 0.337124 0.190328 0.334954 0.168966 0.339294 0.153707 0.35991 0.130819 0.36208 0.121663 0.35774 0.118612 0.333869 0.130819 0.303487 0.127767 0.292636 0.13387 0.27853 0.153707 0.27202 0.178121 0.27636 0.214742 0.27202 0.251363 0.222106 0.31545 0.204745 0.34902 0.198235 0.373434 0.167853 0.416158 0.128791 0.498555 0.12228 0.52297 0.12011 0.550435 0.12228 0.565695 0.129876 0.573323 0.135301 0.571798 0.148322 0.550435 0.161343 0.519918 0.161343 0.510763 0.249234 0.387166 0.252488 0.388692 0.251403 0.478719 0.26768 0.452779 0.28938 0.318502 0.304572 0.275777 0.311082 0.230001
0 0 0.58483 0.00292266 0.574849 0.015943 0.47109 0.0202836 0.464986 0.0289641 0.413106 0.0387297 0.399373 0.0419852 0.416158 0.046325 0.54128 0.0550055 0.59316 0.076707 0.666402 0.0788773 0.690816 0.0951531 0.707601 0.102749 0.706075 0.12662 0.69692 0.123365 0.686238 0.119025 0.686238 0.100579 0.663351 0.100579 0.651144 0.116855 0.628255 0.140727 0.625203 0.150492 0.638937 0.152662 0.660298 0.164598 0.674031 0.187384 0.660298 0.180874 0.635884 0.180874 0.501607 0.173278 0.503133 0.161343 0.519918 0.159173 0.538228 0.152662 0.544332 0.152662 0.550435 0.140727 0.570272 0.129876 0.576375 0.12011 0.562642 0.12011 0.529073 0.12662 0.501607 0.141812 0.461934 0.180874 0.394796 0.185214 0.370382 0.187384 0.321554 0.174363 0.251363 0.161343 0.214742 0.166768 0.210164 0.191724 0.214742 0.186299 0.204061 0.162427 0.188802 0.145066 0.155233 0.129876 0.146077 0.103834 0.149129 0.0875578 0.17507 0.0658563 0.223898 0.0615164 0.260519 0.0376445 0.330709 0.0116031 0.440572 0 0.523969 0 0.58483
0 0.00622578 0 0.0018375 0.00264453 0 0.00616797 0 0.377421 0.000752344 0.379537 0.00509297 0.410055 0.00292266 0.440572 0.00943281 0.440572 0.0202836 0.400899 0.0376445 0.260519 0.046325 0.233052 0.0484953 0.184224 0.0419852 0.117086 0.0441555 0.104879 0.0593461 0.0804648 0.0441555 0.0560508 0.0441555 0.0255328 0.0571758 0.00111875 0.0566984 0 0.00622578 0
0 0.0343898 0.405477 0.0267937 0.425313 0.0224539 0.486348 0.0267937 0.526021 0.0333047 0.544332 0.0365594 0.548909 0.0419852 0.547384 0.0376445 0.410055 0.0343898 0.405477
0 0.0484953 0.223898 0.0376445 0.26357 0.0376445 0.28188 0.0267937 0.339864 0.0289641 0.361227 0.0615164 0.257466 0.0680266 0.214742 0.0984086 0.156759 0.0843023 0.0819906 0.0604313 0.0850422 0.0517508 0.0911461 0.0441555 0.10793 0.0419852 0.132345 0.0484953 0.181173 0.0484953 0.223898
0 0.0567523 0 0.0571758 0.00417109 0.0441555 0.0285852 0.0441555 0.0499469 0.0626016 0.0850422 0.0734523 0.0850422 0.0799625 0.0789391 0.0853875 0.0835164 0.094068 0.1415 0.0994938 0.149129 0.127705 0.143026 0.142896 0.152181 0.160258 0.18575 0.165683 0.184224 0.148322 0.135396 0.12662 0.10793 0.12445 0.0621539 0.113599 0.0255328 0.104919 0.0133258 0.108078 0 0.0567523 0
