0 0.482535 0.756428 0.483565 0.761078 0.500041 0.761078 0.507249 0.78123 0.523726 0.79983 0.527845 0.846334 0.535053 0.869585 0.555648 0.875785 0.587571 0.874235 0.596839 0.872685 0.604048 0.864934 0.606107 0.815331 0.597869 0.78123 0.578303 0.748677 0.555648 0.730076 0.526815 0.717675 0.50828 0.717675 0.494892 0.744027 0.482535 0.756428
0 0.576244 0.745577 0.59375 0.771929 0.604048 0.80293 0.607137 0.832383 0.614345 0.809131 0.620524 0.768829 0.625673 0.764178 0.631852 0.770379 0.639059 0.753327 0.639059 0.520813 0.630822 0.443308 0.620524 0.406105 0.585512 0.350302 0.581393 0.337901 0.583452 0.3193 0.579334 0.275897 0.570066 0.258846 0.561827 0.252645 0.537112 0.258846 0.525785 0.275897 0.521666 0.303798 0.521666 0.350302 0.496952 0.387504 0.482535 0.424706 0.474297 0.496011 0.466059 0.530113 0.447523 0.688223 0.447523 0.775029 0.451642 0.79053 0.457821 0.78743 0.46194 0.706824 0.467088 0.680473 0.490773 0.858734 0.495922 0.866485 0.515487 0.868035 0.525785 0.861834 0.523726 0.806031 0.507249 0.78433 0.497982 0.764178 0.485624 0.764178 0.482535 0.759528 0.50828 0.717675 0.528875 0.717675 0.557708 0.730076 0.576244 0.745577
0 0.406332 0.660322 0.41869 0.734727 0.426927 0.830833 0.436195 0.860284 0.442374 0.860284 0.445463 0.852534 0.445463 0.818432 0.426927 0.64172 0.402213 0.536313 0.391916 0.468109 0.37235 0.432457 0.344546 0.399905 0.342487 0.341001 0.332189 0.313099 0.318802 0.299148 0.289969 0.299148 0.278641 0.313099 0.274522 0.350302 0.274522 0.406105 0.248778 0.423156 0.227153 0.461909 0.220974 0.48051 0.212736 0.545614 0.185963 0.657221 0.183902 0.688223 0.167427 0.79053 0.165367 0.852534 0.172575 0.866485 0.183902 0.858734 0.19832 0.753327 0.204498 0.734727 0.206558 0.713025 0.219945 0.674273 0.225094 0.79363 0.231272 0.855634 0.23951 0.895937 0.237451 0.920738 0.243629 0.94244 0.246719 0.94709 0.294088 0.94399 0.312623 0.95019 0.316743 0.956391 0.32601 0.954841 0.347636 0.94089 0.368231 0.94399 0.377499 0.926938 0.379559 0.892837 0.389856 0.855634 0.398095 0.78743 0.398095 0.697524 0.393975 0.663422 0.397065 0.63707 0.406332 0.660322
0 0.376469 0.0573328 0.351755 0.0573328 0.340427 0.0712836 0.336309 0.0867852 0.334248 0.16739 0.317773 0.210793 0.297177 0.244895 0.290998 0.288298 0.294088 0.296048 0.32498 0.299148 0.334248 0.313099 0.344546 0.344102 0.346606 0.399905 0.391916 0.458809 0.400154 0.514612 0.425898 0.565766 0.433106 0.554915 0.435166 0.517713 0.439285 0.511512 0.443404 0.570416 0.447523 0.573516 0.445463 0.492911 0.435166 0.372003 0.437226 0.365803 0.426927 0.269697 0.41457 0.235595 0.391916 0.198392 0.377499 0.151889 0.385737 0.102286 0.383677 0.0650836 0.376469 0.0573328
0 0 0.830833 0.00266328 0.830833 0.0242891 0.823082 0.0695984 0.819982 0.110789 0.826182 0.158159 0.807581 0.165367 0.79673 0.167427 0.778129 0.161248 0.768829 0.163307 0.675823 0.19626 0.536313 0.216855 0.424706 0.216855 0.384404 0.208617 0.356502 0.19626 0.331701 0.214795 0.269697 0.244659 0.230944 0.257016 0.224744 0.269373 0.209243 0.254956 0.206142 0.209647 0.237145 0.170516 0.243345 0.145802 0.255745 0.121087 0.299148 0.102551 0.311549 0.0747477 0.353402 0.0562117 0.390605 0.0397352 0.443308 0.0232594 0.536313 0.0211992 0.64482 0.0253188 0.682023 0.0253188 0.756428 0 0.780928 0 0.830833
0 0.787346 0.303798 0.77087 0.282098 0.77087 0.260396 0.77293 0.244895 0.795584 0.223194 0.792495 0.215443 0.765721 0.218543 0.749245 0.206142 0.736888 0.206142 0.714233 0.218543 0.704965 0.232495 0.702905 0.260396 0.692608 0.272797 0.680251 0.300698 0.663774 0.353402 0.647298 0.427807 0.643179 0.604518 0.649358 0.651021 0.657595 0.666522 0.669953 0.706824 0.67922 0.720776 0.715262 0.722326 0.72762 0.716125 0.737917 0.62932 0.752334 0.579716 0.766751 0.558015 0.77087 0.539414 0.774989 0.430907 0.783227 0.387504 0.781168 0.337901 0.787346 0.313099 0.787346 0.303798
0 0.825448 0.265046 0.81618 0.278997 0.803823 0.331701 0.801763 0.375103 0.795584 0.406105 0.797644 0.427807 0.81618 0.455709 0.831627 0.435557 0.854281 0.432457 0.85737 0.427807 0.894442 0.334801 0.915038 0.300698 0.910918 0.278997 0.895472 0.252645 0.881055 0.243345 0.848102 0.246445 0.825448 0.265046
0 0.894442 0.527013 0.892383 0.517713 0.871787 0.489811 0.869727 0.461909 0.875906 0.443308 0.873847 0.437107 0.860459 0.438657 0.850162 0.432457 0.831627 0.438657 0.797644 0.47741 0.785287 0.523913 0.746155 0.601418 0.733798 0.657221 0.729679 0.703724 0.735858 0.833933 0.750274 0.905237 0.744096 0.923838 0.748215 0.94864 0.761602 0.956391 0.76778 0.968791 0.778078 0.974991 0.796614 0.974991 0.806912 0.965691 0.813091 0.965691 0.821329 0.974991 0.840894 0.973441 0.86252 0.959491 0.877966 0.94244 0.888263 0.874235 0.894442 0.740927 0.90062 0.722326 0.896502 0.647921 0.898561 0.604518 0.896502 0.561116 0.892383 0.545614 0.894442 0.527013
0 1 0.229393 0.973734 0.234045 0.961377 0.240245 0.951079 0.255745 0.94696 0.255745 0.937692 0.269697 0.935633 0.288298 0.914008 0.305349 0.898561 0.3286 0.85943 0.418506 0.8584 0.432457 0.872817 0.432457 0.875906 0.437107 0.875906 0.455709 0.871787 0.465009 0.873847 0.489811 0.894442 0.514612 0.896502 0.527013 0.894442 0.545614 0.898561 0.567316 0.90268 0.719225 0.894442 0.759528 0.894442 0.815331 0.897531 0.819982 0.90268 0.818432 0.920186 0.79828 0.926365 0.79828 0.928424 0.79208 0.932544 0.80138 0.935633 0.79053 0.942841 0.78278 0.94902 0.78588 0.958287 0.762628 0.958287 0.657221 0.968585 0.554915 0.983002 0.489811 1 0.44412 1 0.384422 0.974764 0.3193 0.957258 0.299148 0.955198 0.305349 0.952109 0.303798 0.954169 0.297598 0.950049 0.288298 0.950049 0.275897 0.967555 0.277447 0.986091 0.299148 1 0.301766 1 0.229393
0 1 0.448523 0.98918 0.474309 0.974764 0.527013 0.960347 0.63242 0.962406 0.740927 0.956228 0.78433 0.956228 0.812231 0.950049 0.843234 0.931513 0.874235 0.931513 0.883536 0.936663 0.891287 0.978883 0.889736 0.981972 0.885086 1 0.882071 1 0.810661 0.995359 0.824632 0.99124 0.858734 0.986091 0.860284 0.984032 0.869585 0.976823 0.858734 0.976823 0.837033 0.98918 0.768829 1 0.729741 1 0.448523
