0 0.260755 0.747289 0.253291 0.735585 0.249027 0.718866 0.236232 0.695458 0.24263 0.665363 0.24263 0.645299 0.228769 0.640284 0.221305 0.648643 0.21704 0.662019 0.21704 0.675395 0.205312 0.700474 0.177591 0.717194 0.128545 0.797448 0.0986906 0.83423 0.0933594 0.845934 0.102955 0.844262 0.12428 0.817511 0.125346 0.82587 0.114684 0.859309 0.123213 0.879373 0.133876 0.892749 0.154134 0.877702 0.188252 0.877702 0.209577 0.86767 0.253291 0.812495 0.258623 0.770696 0.292741 0.797448 0.324728 0.83423 0.325794 0.822527 0.294874 0.777384 0.260755 0.747289
0 0.185054 0.531606 0.175458 0.563373 0.158398 0.573405 0.137074 0.576749 0.11575 0.586781 0.0837633 0.613532 0.0688367 0.63694 0.0464461 0.658675 0.0421812 0.682083 0.0432477 0.690442 0.060307 0.687098 0.0667039 0.693786 0.0858961 0.693786 0.0986906 0.703818 0.113617 0.703818 0.128545 0.690442 0.171193 0.670379 0.180789 0.70549 0.185054 0.708834 0.193584 0.698802 0.191451 0.672051 0.185054 0.648643 0.195716 0.621892 0.197848 0.558358 0.209577 0.536623 0.2341 0.524919 0.209577 0.509871 0.19465 0.513215 0.185054 0.531606
0 0.292741 0.48312 0.262887 0.499839 0.249027 0.521575 0.244762 0.534951 0.243695 0.593469 0.254358 0.590125 0.257556 0.578421 0.262887 0.576749 0.269284 0.586781 0.279947 0.583437 0.290609 0.600157 0.301271 0.596812 0.300205 0.571734 0.305536 0.56003 0.309801 0.56003 0.331125 0.600157 0.336456 0.598484 0.327927 0.56839 0.312999 0.538295 0.317264 0.524919 0.319397 0.484791 0.328993 0.473088 0.349251 0.471416 0.331125 0.44968 0.31833 0.453024 0.301271 0.48312 0.292741 0.48312
0 0.42282 0.489808 0.407892 0.506527 0.399363 0.506527 0.382303 0.516559 0.369509 0.539966 0.353516 0.55167 0.368443 0.548326 0.370575 0.56839 0.368443 0.581765 0.373773 0.590125 0.380171 0.590125 0.384436 0.596812 0.415356 0.595141 0.423886 0.591797 0.419621 0.575077 0.42282 0.553342 0.45374 0.585109 0.451607 0.56839 0.426018 0.538295 0.426018 0.51823 0.447342 0.501511 0.431349 0.489808 0.42282 0.489808
0 0.50172 0.650316 0.492123 0.655331 0.494256 0.678738 0.492123 0.698802 0.497455 0.707162 0.523044 0.720538 0.531573 0.717194 0.557163 0.750633 0.567825 0.737257 0.57742 0.752305 0.581685 0.772368 0.58595 0.775712 0.588083 0.758992 0.573155 0.728897 0.571023 0.698802 0.576355 0.683755 0.567825 0.68041 0.557163 0.660347 0.548633 0.653659 0.523044 0.650316 0.512381 0.660347 0.50172 0.650316
0 0.689373 0.54331 0.670181 0.556686 0.654188 0.598484 0.655254 0.606845 0.660585 0.605173 0.689373 0.600157 0.7043 0.586781 0.709631 0.591797 0.710698 0.600157 0.714963 0.600157 0.716028 0.538295 0.726691 0.524919 0.71283 0.519903 0.702168 0.54331 0.689373 0.54331
0 0.829047 0.56839 0.842908 0.573405 0.85357 0.596812 0.852504 0.581765 0.8621 0.573405 0.866365 0.580093 0.877027 0.580093 0.882358 0.588453 0.882358 0.598484 0.888755 0.598484 0.890888 0.585109 0.899417 0.575077 0.903682 0.558358 0.917543 0.549998 0.902616 0.54331 0.894086 0.553342 0.887689 0.553342 0.874895 0.54331 0.85357 0.54331 0.829047 0.56839
0 0.931082 0.44463 0.932312 0.442445 0.931404 0.437977 0.930016 0.437947 0.92813 0.437818 0.926901 0.439489 0.925588 0.443088 0.919675 0.442993 0.912212 0.454697 0.909436 0.458961 0.906648 0.461788 0.901974 0.464873 0.90837 0.463202 0.913699 0.45986 0.914345 0.464728 0.914848 0.472779 0.917543 0.473088 0.918127 0.472842 0.920751 0.473036 0.92394 0.473088 0.925006 0.471416 0.926073 0.469744 0.93247 0.469744 0.934526 0.46301 0.934526 0.455427 0.939117 0.459283 0.945759 0.46828 0.943299 0.462882 0.939934 0.458041 0.933132 0.449258 0.931082 0.44463
0 0.919675 0.402866 0.919785 0.40839 0.916477 0.411226 0.913636 0.415074 0.908142 0.416616 0.900845 0.421501 0.90847 0.41983 0.91339 0.419059 0.913472 0.422786 0.914345 0.427945 0.914345 0.431289 0.91541 0.432961 0.930338 0.432961 0.931404 0.431289 0.93059 0.420344 0.932886 0.421501 0.9351 0.4233 0.941413 0.429341 0.936184 0.420601 0.930691 0.416359 0.927247 0.410061 0.924787 0.40839 0.92394 0.402866 0.919675 0.402866
0 0.917543 0.379459 0.91541 0.382802 0.914091 0.385125 0.91008 0.387818 0.91008 0.391162 0.90212 0.400035 0.909171 0.396051 0.909663 0.397721 0.909417 0.402091 0.909089 0.405819 0.911145 0.40621 0.917543 0.40621 0.919502 0.405819 0.919675 0.402866 0.921808 0.402866 0.926308 0.401577 0.926308 0.394123 0.936311 0.401834 0.927139 0.391162 0.922874 0.384474 0.922874 0.38113 0.921808 0.379459 0.917543 0.379459
0 0.917902 0.365974 0.915934 0.365974 0.913309 0.368545 0.911178 0.373557 0.909374 0.3742 0.902323 0.382041 0.910932 0.376899 0.910358 0.384226 0.913196 0.382802 0.915328 0.379459 0.923858 0.379459 0.925691 0.383069 0.927057 0.38113 0.927412 0.376642 0.930255 0.379459 0.935448 0.384483 0.931322 0.377787 0.922903 0.365203 0.922792 0.361067 0.921726 0.359395 0.919377 0.358777 0.918148 0.359162 0.917902 0.365974
0 0.938653 0.328434 0.938653 0.333517 0.924387 0.342158 0.929737 0.342412 0.930547 0.340633 0.932655 0.340125 0.933536 0.347691 0.934114 0.350291 0.936734 0.352707 0.943132 0.352707 0.944198 0.351035 0.946759 0.343683 0.952109 0.351561 0.950595 0.347691 0.94633 0.341004 0.94633 0.337659 0.942869 0.33555 0.944198 0.330972 0.944327 0.328434 0.941085 0.327163 0.938653 0.328434
0 0.911579 0.340125 0.911579 0.34597 0.91541 0.34602 0.917543 0.349363 0.921808 0.349363 0.922874 0.347691 0.925006 0.344348 0.925035 0.338854 0.922874 0.334316 0.922874 0.330972 0.919675 0.325956 0.917543 0.3293 0.91541 0.3293 0.911903 0.336059 0.903148 0.343174 0.911579 0.340125
0 0.875961 0.274125 0.875588 0.280655 0.879159 0.282485 0.884991 0.279639 0.889821 0.285829 0.894086 0.285829 0.895152 0.284157 0.895152 0.27747 0.893584 0.278368 0.891954 0.275798 0.887098 0.270236 0.880938 0.269981 0.880776 0.263628 0.877858 0.263628 0.878093 0.267437 0.878093 0.270781 0.875961 0.274125
0 0.852504 0.24403 0.852504 0.26075 0.857835 0.269109 0.858901 0.267437 0.861034 0.264094 0.861034 0.257405 0.863166 0.254062 0.863166 0.24403 0.861034 0.240686 0.859538 0.235417 0.859052 0.230842 0.857592 0.232113 0.857835 0.23567 0.852504 0.24403
0 0.839709 0.257405 0.842908 0.262422 0.847173 0.262422 0.848239 0.26075 0.848837 0.252698 0.850371 0.24403 0.84981 0.243041 0.848239 0.230655 0.847173 0.228983 0.844136 0.227793 0.841841 0.233998 0.840894 0.237196 0.839709 0.240686 0.839709 0.257405
0 0.824782 0.207247 0.821584 0.202231 0.820517 0.203903 0.820517 0.210591 0.818385 0.213935 0.818385 0.237342 0.821584 0.242359 0.823716 0.242359 0.824782 0.240686 0.824782 0.207247
0 0.913278 0.289173 0.91541 0.289173 0.917543 0.292517 0.92394 0.292517 0.925006 0.290845 0.925006 0.280813 0.919675 0.272453 0.911145 0.272453 0.91008 0.274125 0.91008 0.27747 0.907947 0.280813 0.907947 0.287501 0.909013 0.289173 0.911145 0.285829 0.913278 0.289173
0 0.916803 0.303856 0.925246 0.30257 0.928279 0.299357 0.923524 0.292802 0.917213 0.292159 0.910451 0.299936 0.916803 0.300257 0.916803 0.303856
0 0.915902 0.31054 0.917541 0.316324 0.931885 0.312596 0.925082 0.302699 0.916476 0.303727 0.909016 0.310283 0.915902 0.31054
0 0.930902 0.316581 0.930246 0.313368 0.92082 0.315552 0.912131 0.323393 0.919672 0.32108 0.921312 0.324422 0.93123 0.32802 0.931885 0.322879 0.936885 0.322879 0.94 0.320437 0.930902 0.316581
0 0.921312 0.32455 0.920246 0.326607 0.922787 0.330848 0.922951 0.334705 0.925164 0.338817 0.925082 0.341773 0.93041 0.340617 0.935 0.334833 0.931394 0.32982 0.93123 0.327763 0.921312 0.32455
