0 0.272612 0.763625 0.265661 0.752734 0.261689 0.737174 0.249773 0.715391 0.255731 0.687383 0.255731 0.668712 0.242823 0.664044 0.235872 0.671823 0.2319 0.684271 0.2319 0.696719 0.220977 0.720059 0.19516 0.735618 0.149484 0.810304 0.121681 0.844535 0.116716 0.855427 0.125653 0.853871 0.145512 0.828976 0.146505 0.836755 0.136576 0.867874 0.14452 0.886546 0.154449 0.898994 0.173316 0.88499 0.20509 0.88499 0.224949 0.875654 0.265661 0.824308 0.270626 0.785409 0.302401 0.810304 0.332189 0.844535 0.333182 0.833643 0.304387 0.791632 0.272612 0.763625
0 0.202111 0.562906 0.193174 0.59247 0.177287 0.601805 0.157428 0.604917 0.137569 0.614253 0.10778 0.639148 0.0938781 0.660932 0.0730258 0.681159 0.0690539 0.702943 0.0700469 0.710723 0.0859344 0.707611 0.0918922 0.713834 0.109766 0.713834 0.121681 0.72317 0.135583 0.72317 0.149484 0.710723 0.189202 0.692051 0.198139 0.724727 0.202111 0.727838 0.210055 0.718502 0.208069 0.693607 0.202111 0.671823 0.212041 0.646928 0.214027 0.587802 0.224949 0.567574 0.247787 0.556683 0.224949 0.542679 0.211048 0.545791 0.202111 0.562906
0 0.302401 0.517784 0.274598 0.533343 0.261689 0.553571 0.257717 0.566019 0.256724 0.620477 0.266654 0.617365 0.269633 0.606473 0.274598 0.604917 0.280555 0.614253 0.290485 0.611141 0.300415 0.626701 0.310344 0.623589 0.309351 0.600249 0.314316 0.589358 0.318288 0.589358 0.338147 0.626701 0.343112 0.625145 0.335168 0.597137 0.321266 0.56913 0.325238 0.556683 0.327224 0.51934 0.336161 0.508448 0.355027 0.506892 0.338147 0.486665 0.326231 0.489777 0.310344 0.517784 0.302401 0.517784
0 0.423542 0.524008 0.409641 0.539567 0.401697 0.539567 0.385809 0.548903 0.373894 0.570686 0.358999 0.581578 0.372901 0.578466 0.374887 0.597137 0.372901 0.609585 0.377866 0.617365 0.383823 0.617365 0.387795 0.623589 0.416591 0.622033 0.424535 0.618921 0.420563 0.603362 0.423542 0.583134 0.452337 0.612697 0.450352 0.597137 0.426521 0.56913 0.426521 0.550459 0.44638 0.534899 0.431486 0.524008 0.423542 0.524008
0 0.497021 0.67338 0.488084 0.678048 0.49007 0.69983 0.488084 0.718502 0.493049 0.726282 0.51688 0.73873 0.524824 0.735618 0.548655 0.766737 0.558585 0.754289 0.567521 0.768293 0.571493 0.786965 0.575465 0.790077 0.577451 0.774517 0.56355 0.746509 0.561564 0.718502 0.566528 0.704498 0.558585 0.701387 0.548655 0.682716 0.540712 0.676491 0.51688 0.67338 0.506951 0.682716 0.497021 0.67338
0 0.671783 0.573798 0.653909 0.586246 0.639015 0.625145 0.640008 0.632925 0.644973 0.631369 0.671783 0.626701 0.685684 0.614253 0.690649 0.618921 0.691642 0.626701 0.695613 0.626701 0.696606 0.56913 0.706536 0.556683 0.693628 0.552015 0.683698 0.573798 0.671783 0.573798
0 0.801861 0.597137 0.81477 0.601805 0.824699 0.623589 0.823706 0.609585 0.832642 0.601805 0.836614 0.60803 0.846544 0.60803 0.851509 0.615809 0.851509 0.625145 0.857466 0.625145 0.859452 0.612697 0.867396 0.603362 0.871368 0.587802 0.884277 0.580022 0.870375 0.573798 0.862431 0.583134 0.856473 0.583134 0.844558 0.573798 0.824699 0.573798 0.801861 0.597137
0 0.896886 0.481965 0.898031 0.479931 0.897185 0.475773 0.895893 0.475745 0.894137 0.475625 0.892991 0.47718 0.89177 0.48053 0.886262 0.480441 0.879312 0.491333 0.876727 0.495301 0.87413 0.497932 0.869778 0.500803 0.875734 0.499248 0.880698 0.496138 0.881298 0.500668 0.881766 0.50816 0.884277 0.508448 0.884821 0.50822 0.887264 0.508399 0.890234 0.508448 0.891227 0.506892 0.89222 0.505336 0.898178 0.505336 0.900093 0.49907 0.900093 0.492012 0.904369 0.495601 0.910554 0.503973 0.908263 0.49895 0.905129 0.494445 0.898795 0.486271 0.896886 0.481965
0 0.886262 0.443098 0.886365 0.448238 0.883284 0.450877 0.880637 0.454459 0.875522 0.455894 0.868726 0.46044 0.875827 0.458884 0.880409 0.458167 0.880485 0.461636 0.881298 0.466437 0.881298 0.469549 0.882291 0.471105 0.896192 0.471105 0.897185 0.469549 0.896427 0.459363 0.898566 0.460439 0.900627 0.462114 0.906507 0.467736 0.901637 0.459602 0.89652 0.455655 0.893313 0.449794 0.891023 0.448238 0.890234 0.443098 0.886262 0.443098
0 0.884277 0.421314 0.882291 0.424427 0.881062 0.426588 0.877326 0.429094 0.877326 0.432206 0.869913 0.440463 0.87648 0.436755 0.876938 0.43831 0.876709 0.442377 0.876404 0.445846 0.878319 0.446209 0.884277 0.446209 0.886102 0.445846 0.886262 0.443098 0.888248 0.443098 0.89244 0.441898 0.89244 0.434961 0.901755 0.442138 0.893213 0.432206 0.889241 0.425982 0.889241 0.42287 0.888248 0.421314 0.884277 0.421314
0 0.88461 0.408766 0.882778 0.408766 0.880334 0.411158 0.878349 0.415823 0.876669 0.41642 0.870102 0.423717 0.87812 0.418933 0.877585 0.425751 0.880228 0.424427 0.882214 0.421314 0.890158 0.421314 0.891865 0.424674 0.893137 0.42287 0.893468 0.418693 0.896116 0.421314 0.900952 0.42599 0.897109 0.419759 0.889269 0.408048 0.889165 0.404198 0.888172 0.402643 0.885985 0.402067 0.88484 0.402426 0.88461 0.408766
0 0.903937 0.37383 0.903937 0.37856 0.89065 0.386602 0.895633 0.386838 0.896388 0.385182 0.89835 0.384709 0.899171 0.391751 0.899709 0.39417 0.90215 0.396419 0.908108 0.396419 0.909101 0.394863 0.911486 0.38802 0.916468 0.395352 0.915059 0.391751 0.911087 0.385527 0.911087 0.382416 0.907863 0.380452 0.909101 0.376191 0.909221 0.37383 0.906202 0.372648 0.903937 0.37383
0 0.878723 0.384709 0.878723 0.390149 0.882291 0.390195 0.884277 0.393307 0.888248 0.393307 0.889241 0.391751 0.891227 0.388639 0.891254 0.383527 0.889241 0.379303 0.889241 0.376191 0.886262 0.371523 0.884277 0.374635 0.882291 0.374635 0.879024 0.380925 0.870871 0.387548 0.878723 0.384709
0 0.845551 0.323289 0.845204 0.329366 0.84853 0.331069 0.853961 0.32842 0.858459 0.33418 0.862431 0.33418 0.863424 0.332625 0.863424 0.326401 0.861963 0.327237 0.860445 0.324845 0.855924 0.319669 0.850187 0.319433 0.850035 0.31352 0.847318 0.31352 0.847537 0.317065 0.847537 0.320177 0.845551 0.323289
0 0.823706 0.295282 0.823706 0.310841 0.82867 0.318621 0.829663 0.317065 0.831649 0.313953 0.831649 0.30773 0.833635 0.304617 0.833635 0.295282 0.831649 0.29217 0.830256 0.287266 0.829804 0.283009 0.828445 0.284191 0.82867 0.287502 0.823706 0.295282
0 0.811791 0.30773 0.81477 0.312397 0.818741 0.312397 0.819734 0.310841 0.820291 0.303348 0.82172 0.295282 0.821198 0.294361 0.819734 0.282834 0.818741 0.281278 0.815913 0.280171 0.813777 0.285946 0.812894 0.288922 0.811791 0.29217 0.811791 0.30773
0 0.797889 0.261051 0.79491 0.256383 0.793917 0.257938 0.793917 0.264162 0.791931 0.267274 0.791931 0.289058 0.79491 0.293726 0.796896 0.293726 0.797889 0.29217 0.797889 0.261051
0 0.880305 0.337292 0.882291 0.337292 0.884277 0.340405 0.890234 0.340405 0.891227 0.338848 0.891227 0.329512 0.886262 0.321733 0.878319 0.321733 0.877326 0.323289 0.877326 0.326401 0.87534 0.329512 0.87534 0.335737 0.876333 0.337292 0.878319 0.33418 0.880305 0.337292
0 0.883587 0.350957 0.89145 0.349761 0.894275 0.34677 0.889848 0.34067 0.88397 0.340072 0.877672 0.347309 0.883587 0.347608 0.883587 0.350957
0 0.882748 0.357177 0.884275 0.36256 0.897634 0.359091 0.891298 0.34988 0.883283 0.350838 0.876336 0.356938 0.882748 0.357177
0 0.896717 0.362799 0.896107 0.359809 0.887328 0.361842 0.879237 0.369139 0.886259 0.366986 0.887786 0.370095 0.897023 0.373445 0.897634 0.36866 0.90229 0.36866 0.905191 0.366387 0.896717 0.362799
0 0.887786 0.370216 0.886794 0.372129 0.88916 0.376077 0.889313 0.379665 0.891374 0.383493 0.891298 0.386244 0.896259 0.385167 0.900534 0.379784 0.897176 0.37512 0.897023 0.373205 0.887786 0.370216
