0 0.269531 0.824848 0.274414 0.78659 0.305664 0.811075 0.334961 0.844743 0.335938 0.83403 0.307617 0.792712 0.276367 0.765166 0.269531 0.754453 0.265625 0.73915 0.253906 0.717725 0.259766 0.690179 0.259766 0.671816 0.24707 0.667224 0.240234 0.674876 0.236328 0.687119 0.236328 0.699361 0.225586 0.722316 0.200195 0.73762 0.155273 0.811075 0.12793 0.844743 0.123047 0.855455 0.131836 0.853925 0.151367 0.829439 0.152344 0.837091 0.142578 0.867698 0.150391 0.886062 0.160156 0.898304 0.178711 0.884531 0.209961 0.884531 0.229492 0.875349 0.269531 0.824848
0 0.216797 0.650391 0.21875 0.592238 0.229492 0.572344 0.251953 0.561631 0.229492 0.547859 0.21582 0.550919 0.207031 0.567753 0.198242 0.596829 0.182617 0.606011 0.163086 0.609072 0.143555 0.618254 0.114258 0.642739 0.100586 0.664163 0.0800781 0.684058 0.0761719 0.705483 0.0771484 0.713134 0.0927734 0.710073 0.0986328 0.716195 0.116211 0.716195 0.12793 0.725377 0.141602 0.725377 0.155273 0.713134 0.194336 0.69477 0.203125 0.726907 0.207031 0.729968 0.214844 0.720786 0.212891 0.696301 0.207031 0.674876 0.216797 0.650391
0 0.330078 0.524903 0.338867 0.514191 0.357422 0.512661 0.34082 0.492766 0.329102 0.495827 0.313477 0.523373 0.305664 0.523373 0.27832 0.538677 0.265625 0.558571 0.261719 0.570813 0.260742 0.624375 0.270508 0.621314 0.273438 0.610602 0.27832 0.609072 0.28418 0.618254 0.293945 0.615193 0.303711 0.630496 0.313477 0.627436 0.3125 0.60448 0.317383 0.593769 0.321289 0.593769 0.34082 0.630496 0.345703 0.628966 0.337891 0.60142 0.324219 0.573874 0.328125 0.561631 0.330078 0.524903
0 0.453125 0.616723 0.451172 0.60142 0.427734 0.573874 0.427734 0.55551 0.447266 0.540207 0.432617 0.529495 0.424805 0.529495 0.411133 0.544798 0.40332 0.544798 0.387695 0.55398 0.375977 0.575405 0.361328 0.586116 0.375 0.583056 0.376953 0.60142 0.375 0.613662 0.379883 0.621314 0.385742 0.621314 0.389648 0.627436 0.417969 0.625905 0.425781 0.622845 0.421875 0.607541 0.424805 0.587647 0.453125 0.616723
0 0.56543 0.707013 0.557617 0.703952 0.547852 0.685588 0.540039 0.679467 0.516602 0.676406 0.506836 0.685588 0.49707 0.676406 0.488281 0.680997 0.490234 0.702422 0.488281 0.720786 0.493164 0.728437 0.516602 0.74068 0.524414 0.73762 0.547852 0.768226 0.557617 0.755984 0.566406 0.769756 0.570312 0.78812 0.574219 0.791181 0.576172 0.775878 0.5625 0.748332 0.560547 0.720786 0.56543 0.707013
0 0.688477 0.630496 0.692383 0.630496 0.693359 0.573874 0.703125 0.561631 0.69043 0.557041 0.680664 0.578465 0.668945 0.578465 0.651367 0.590708 0.636719 0.628966 0.637695 0.636618 0.642578 0.635088 0.668945 0.630496 0.682617 0.618254 0.6875 0.622845 0.688477 0.630496
0 0.87793 0.584587 0.864258 0.578465 0.856445 0.587647 0.850586 0.587647 0.838867 0.578465 0.819336 0.578465 0.796875 0.60142 0.80957 0.606011 0.819336 0.627436 0.818359 0.613662 0.827148 0.606011 0.831055 0.612132 0.84082 0.612132 0.845703 0.619784 0.845703 0.628966 0.851562 0.628966 0.853516 0.616723 0.861328 0.607541 0.865234 0.592238 0.87793 0.584587
0 0.893484 0.498027 0.89769 0.501555 0.903773 0.509791 0.90152 0.504849 0.898438 0.500418 0.892208 0.49238 0.89033 0.488144 0.891457 0.486145 0.890625 0.482054 0.889354 0.482027 0.887627 0.481909 0.886501 0.483438 0.885299 0.486732 0.879883 0.486645 0.873047 0.497358 0.870505 0.501261 0.867951 0.503848 0.86367 0.506672 0.869528 0.505143 0.874409 0.502084 0.875 0.50654 0.875461 0.513908 0.87793 0.514191 0.878465 0.513966 0.880868 0.514144 0.883789 0.514191 0.884766 0.512661 0.885742 0.51113 0.891602 0.51113 0.893484 0.504967 0.893484 0.498027
0 0.899793 0.474149 0.895003 0.46615 0.889972 0.462267 0.886817 0.456502 0.884564 0.454973 0.883789 0.449917 0.879883 0.449917 0.879984 0.454973 0.876953 0.457569 0.874351 0.461091 0.86932 0.462503 0.862635 0.466973 0.86962 0.465444 0.874126 0.464738 0.874201 0.46815 0.875 0.472872 0.875 0.475933 0.875977 0.477463 0.889648 0.477463 0.890625 0.475933 0.88988 0.465915 0.891983 0.466973 0.89401 0.46862 0.899793 0.474149
0 0.885958 0.441915 0.89512 0.448973 0.886719 0.439205 0.882812 0.433084 0.882812 0.430023 0.881836 0.428493 0.87793 0.428493 0.875977 0.431553 0.874768 0.43368 0.871094 0.436145 0.871094 0.439205 0.863804 0.447326 0.870262 0.443679 0.870713 0.445209 0.870487 0.449209 0.870187 0.45262 0.87207 0.452978 0.87793 0.452978 0.879724 0.45262 0.879883 0.449917 0.881836 0.449917 0.885958 0.448738 0.885958 0.441915
0 0.89055 0.426962 0.882839 0.415445 0.882737 0.411659 0.881761 0.410129 0.879609 0.409562 0.878484 0.409915 0.878258 0.41615 0.876455 0.41615 0.874052 0.418503 0.8721 0.423091 0.870448 0.42368 0.863989 0.430855 0.871874 0.42615 0.871349 0.432855 0.873948 0.431553 0.875902 0.428493 0.883714 0.428493 0.885392 0.431797 0.886644 0.430023 0.88697 0.425915 0.889573 0.428493 0.894329 0.433091 0.89055 0.426962
0 0.904297 0.393295 0.904297 0.390234 0.901126 0.388304 0.902344 0.384113 0.902463 0.381791 0.899492 0.380627 0.897265 0.381791 0.897265 0.386443 0.884198 0.394352 0.889098 0.394584 0.889841 0.392955 0.891771 0.392491 0.892578 0.399416 0.893107 0.401795 0.895508 0.404007 0.901367 0.404007 0.902344 0.402477 0.90469 0.395747 0.90959 0.402958 0.908203 0.399416 0.904297 0.393295
0 0.882812 0.384113 0.879883 0.379522 0.87793 0.382583 0.875977 0.382583 0.872764 0.388769 0.864746 0.395282 0.872467 0.392491 0.872467 0.397841 0.875977 0.397886 0.87793 0.400947 0.881836 0.400947 0.882812 0.399416 0.884766 0.396355 0.884792 0.391327 0.882812 0.387173 0.882812 0.384113
0 0.850045 0.328522 0.844402 0.328289 0.844254 0.322473 0.841581 0.322473 0.841797 0.32596 0.841797 0.329021 0.839844 0.332082 0.839502 0.338059 0.842773 0.339734 0.848115 0.337128 0.852539 0.342794 0.856445 0.342794 0.857422 0.341264 0.857422 0.335142 0.855985 0.335965 0.854492 0.333612 0.850045 0.328522
0 0.828125 0.304536 0.826172 0.301475 0.824802 0.296652 0.824356 0.292466 0.82302 0.293628 0.823242 0.296884 0.818359 0.304536 0.818359 0.319839 0.823242 0.327491 0.824219 0.32596 0.826172 0.3229 0.826172 0.316778 0.828125 0.313718 0.828125 0.304536
0 0.814453 0.292293 0.813477 0.290762 0.810695 0.289674 0.808594 0.295354 0.807726 0.29828 0.806641 0.301475 0.806641 0.316778 0.80957 0.32137 0.813477 0.32137 0.814453 0.319839 0.815002 0.31247 0.816406 0.304536 0.815892 0.30363 0.814453 0.292293
0 0.789062 0.273929 0.787109 0.27699 0.787109 0.298415 0.790039 0.303005 0.791992 0.303005 0.792969 0.301475 0.792969 0.270869 0.790039 0.266277 0.789062 0.267808 0.789062 0.273929
0 0.871094 0.332082 0.871094 0.335142 0.869141 0.338203 0.869141 0.344324 0.870117 0.345855 0.87207 0.342794 0.874023 0.345855 0.875977 0.345855 0.87793 0.348916 0.883789 0.348916 0.884766 0.347385 0.884766 0.338203 0.879883 0.330552 0.87207 0.330552 0.871094 0.332082
0 0.884985 0.358118 0.887763 0.355177 0.883409 0.349177 0.877627 0.348588 0.871434 0.355706 0.877252 0.356 0.877252 0.359294 0.884985 0.358118
0 0.876427 0.365412 0.877928 0.370706 0.891066 0.367294 0.884835 0.358235 0.876952 0.359177 0.87012 0.365177 0.876427 0.365412
0 0.87988 0.375059 0.881381 0.378118 0.890466 0.381412 0.891066 0.376706 0.895645 0.376706 0.898498 0.37447 0.890165 0.370941 0.889565 0.368 0.880931 0.37 0.872973 0.377177 0.87988 0.375059
0 0.88491 0.391294 0.884835 0.394 0.889715 0.392941 0.893919 0.387647 0.890616 0.383059 0.890466 0.381177 0.881381 0.378235 0.880405 0.380118 0.882733 0.384 0.882883 0.38753 0.88491 0.391294
