0 0.448242 0.794773 0.46582 0.777177 0.464844 0.784509 0.467773 0.788908 0.49707 0.791841 0.555664 0.780109 0.586914 0.765446 0.59082 0.75958 0.641602 0.724387 0.680664 0.686262 0.699219 0.655468 0.714844 0.596813 0.741211 0.563087 0.81543 0.51323 0.834961 0.495634 0.848633 0.492701 0.885742 0.472172 0.942383 0.463373 0.948242 0.460441 0.949219 0.453109 0.93457 0.442844 0.856445 0.445777 0.782227 0.425248 0.741211 0.425248 0.717773 0.434046 0.706055 0.434046 0.694336 0.442844 0.670898 0.472172 0.649414 0.486835 0.631836 0.489768 0.600586 0.48097 0.56543 0.48097 0.522461 0.489768 0.481445 0.507364 0.46582 0.510297 0.452148 0.519095 0.438477 0.522028 0.374023 0.563087 0.245117 0.6628 0.198242 0.677463 0.149414 0.712656 0.142578 0.725854 0.142578 0.734652 0.150391 0.74345 0.150391 0.752248 0.145508 0.75958 0.124023 0.774244 0.110352 0.797706 0.0908203 0.809437 0.0859375 0.816769 0.0869141 0.824101 0.106445 0.824101 0.115234 0.834365 0.115234 0.846096 0.109375 0.854895 0.112305 0.865159 0.145508 0.850495 0.19043 0.815302 0.208008 0.809437 0.229492 0.794773 0.268555 0.791841 0.31543 0.800639 0.369141 0.799173 0.358398 0.818235 0.333008 0.841697 0.323242 0.856361 0.295898 0.882755 0.272461 0.912083 0.254883 0.926747 0.246094 0.939944 0.245117 0.956074 0.261719 0.957541 0.297852 0.947276 0.325195 0.92968 0.395508 0.862227 0.448242 0.794773
0 0.291992 0.492701 0.269531 0.467773 0.269531 0.44431 0.261719 0.417916 0.241211 0.384189 0.233398 0.378323 0.226562 0.37979 0.240234 0.41205 0.244141 0.43258 0.241211 0.439912 0.233398 0.439912 0.192383 0.419382 0.145508 0.410584 0.0947266 0.390055 0.0830078 0.390055 0.0693359 0.384189 0.0537109 0.384189 0.03125 0.397387 0.0322266 0.425248 0.0400391 0.431113 0.0595703 0.431113 0.0908203 0.442844 0.137695 0.48097 0.166992 0.524961 0.209961 0.554288 0.231445 0.563087 0.262695 0.563087 0.28418 0.554288 0.305664 0.551355 0.331055 0.557221 0.352539 0.568952 0.357422 0.567486 0.351562 0.558688 0.351562 0.552822 0.327148 0.519095 0.291992 0.492701
0 0.664062 0.227288 0.624023 0.199427 0.604492 0.175965 0.567383 0.161301 0.549805 0.158368 0.520508 0.140772 0.512695 0.140772 0.470703 0.0571883 0.458008 0.035193 0.446289 0.0234617 0.443359 0.0249281 0.445312 0.0337266 0.472656 0.0835828 0.478516 0.104113 0.486328 0.115843 0.487305 0.126108 0.483398 0.129041 0.475586 0.126108 0.393555 0.129041 0.358398 0.123175 0.301758 0.123175 0.289062 0.139305 0.289062 0.148103 0.301758 0.167166 0.323242 0.175965 0.34668 0.178898 0.37207 0.193561 0.37793 0.193561 0.40332 0.219955 0.426758 0.23462 0.454102 0.258081 0.493164 0.275678 0.503906 0.274212 0.53418 0.261014 0.557617 0.240485 0.602539 0.222888 0.664062 0.227288
0 0.84082 0.390055 0.868164 0.369526 0.897461 0.325534 0.928711 0.31087 0.976562 0.297673 0.973633 0.293274 0.948242 0.293274 0.918945 0.272745 0.90332 0.272745 0.874023 0.281543 0.864258 0.27861 0.844727 0.284476 0.834961 0.281543 0.833008 0.284476 0.791992 0.287409 0.739258 0.31087 0.692383 0.340198 0.65918 0.348996 0.628906 0.388588 0.628906 0.40032 0.631836 0.407652 0.651367 0.413516 0.694336 0.384189 0.717773 0.381256 0.727539 0.387122 0.737305 0.387122 0.738281 0.391521 0.722656 0.414983 0.725586 0.419382 0.728516 0.417916 0.758789 0.39592 0.780273 0.39592 0.801758 0.401786 0.84082 0.390055
0 0.50293 0.791841 0.483398 0.797706 0.474609 0.813836 0.470703 0.8285 0.473633 0.832899 0.476562 0.831433 0.49707 0.818235 0.511719 0.799173 0.511719 0.793307 0.50293 0.791841
0 0.668945 0.771311 0.708008 0.765446 0.731445 0.774244 0.738281 0.772777 0.729492 0.762513 0.708008 0.750782 0.694336 0.733186 0.682617 0.724387 0.647461 0.721455 0.586914 0.768379 0.56543 0.780109 0.539062 0.787441 0.543945 0.794773 0.581055 0.809437 0.615234 0.810903 0.635742 0.803571 0.651367 0.791841 0.663086 0.774244 0.668945 0.771311
0 0.0244141 0.211158 0.0195312 0.19796 0.00878906 0.184762 0 0.183296 0.000976562 0.290341 0.0341797 0.290341 0.0576172 0.275678 0.0732422 0.275678 0.112305 0.287409 0.118164 0.293274 0.125 0.291808 0.105469 0.268346 0.0908203 0.237552 0.0537109 0.219955 0.0244141 0.211158
0 0.69043 0.935545 0.713867 0.932612 0.723633 0.938477 0.720703 0.910616 0.710938 0.890087 0.722656 0.872491 0.713867 0.871024 0.708008 0.882755 0.702148 0.882755 0.676758 0.850495 0.657227 0.835831 0.629883 0.824101 0.625 0.834365 0.625 0.843163 0.632812 0.854895 0.634766 0.869558 0.650391 0.89302 0.612305 0.926747 0.603516 0.939944 0.604492 0.944343 0.609375 0.942877 0.657227 0.90915 0.668945 0.912083 0.68457 0.923814 0.69043 0.935545
0 0.576172 0.335799 0.571289 0.334333 0.56543 0.325534 0.52832 0.313803 0.49707 0.287409 0.452148 0.287409 0.408203 0.303539 0.411133 0.31087 0.420898 0.316736 0.423828 0.324068 0.416016 0.335799 0.416992 0.340198 0.438477 0.343131 0.46582 0.369526 0.487305 0.381256 0.515625 0.382723 0.522461 0.381256 0.543945 0.36366 0.575195 0.36366 0.576172 0.335799
0 0.651367 0.281543 0.683594 0.259548 0.676758 0.249283 0.661133 0.240485 0.65332 0.240485 0.643555 0.249283 0.635742 0.249283 0.629883 0.237552 0.62793 0.243418 0.624023 0.237552 0.612305 0.240485 0.602539 0.237552 0.584961 0.24635 0.55957 0.269813 0.547852 0.269813 0.543945 0.284476 0.538086 0.27861 0.532227 0.27861 0.521484 0.294741 0.52832 0.307938 0.540039 0.313803 0.543945 0.319669 0.56543 0.325534 0.577148 0.337266 0.585938 0.335799 0.59668 0.325534 0.625977 0.313803 0.635742 0.305005 0.651367 0.281543
0 1 0.549889 0.991211 0.533759 0.96582 0.51323 0.922852 0.498566 0.891602 0.495634 0.87793 0.489768 0.848633 0.492701 0.831055 0.501499 0.820312 0.511763 0.821289 0.516162 0.833008 0.522028 0.850586 0.539624 0.856445 0.551355 0.879883 0.574817 0.892578 0.59388 0.848633 0.604145 0.847656 0.614409 0.860352 0.63054 0.885742 0.633473 0.90918 0.627607 0.916992 0.621741 0.94043 0.621741 0.96582 0.633473 1 0.632006 1 0.549889
