0 0.584062 0.757812 0.588204 0.75159 0.642052 0.714256 0.683473 0.673811 0.703148 0.641144 0.719716 0.57892 0.747676 0.543141 0.826376 0.490252 0.847087 0.471584 0.861584 0.468473 0.900934 0.446695 0.960995 0.437362 0.967209 0.434251 0.968244 0.426473 0.952711 0.415584 0.869869 0.418695 0.791168 0.396916 0.747676 0.396916 0.722823 0.40625 0.710397 0.40625 0.69797 0.415584 0.673118 0.446695 0.650336 0.462251 0.631696 0.465363 0.598559 0.456029 0.56128 0.456029 0.515717 0.465363 0.472225 0.48403 0.455656 0.487141 0.441159 0.496474 0.426662 0.499585 0.358316 0.543141 0.221627 0.648921 0.171921 0.664477 0.120145 0.701812 0.112896 0.715812 0.112896 0.725145 0.12118 0.734479 0.12118 0.743812 0.116002 0.75159 0.0932211 0.767146 0.0787234 0.792035 0.0580125 0.80448 0.0528352 0.812258 0.0538703 0.820036 0.0745813 0.820036 0.0839008 0.830925 0.0839008 0.84337 0.0776875 0.852703 0.0807945 0.863592 0.116002 0.848037 0.163637 0.810702 0.182277 0.80448 0.205058 0.788924 0.246479 0.785813 0.296184 0.795147 0.353139 0.793591 0.341748 0.813813 0.314824 0.838703 0.304469 0.854259 0.275474 0.882259 0.250621 0.913371 0.231982 0.928927 0.222662 0.942927 0.221627 0.960039 0.23923 0.961595 0.277545 0.950705 0.30654 0.932038 0.381098 0.860481 0.437016 0.788924 0.455656 0.770257 0.454621 0.778035 0.457727 0.782702 0.488793 0.785813 0.550925 0.773369 0.584062 0.757812
0 0 0.40001 0.00416484 0.403139 0.0248758 0.403139 0.0580125 0.415584 0.107718 0.456029 0.138784 0.502696 0.184348 0.533808 0.207129 0.543141 0.240266 0.543141 0.263048 0.533808 0.28583 0.530697 0.312753 0.53692 0.335535 0.549364 0.340713 0.547809 0.334499 0.538475 0.334499 0.532252 0.308611 0.496474 0.271332 0.468473 0.247515 0.442028 0.247515 0.417139 0.23923 0.389138 0.217484 0.35336 0.2092 0.347137 0.201952 0.348693 0.216448 0.382916 0.220591 0.404695 0.217484 0.412473 0.2092 0.412473 0.165708 0.390694 0.116002 0.381361 0.0621547 0.359582 0.0497281 0.359582 0.0352312 0.35336 0.0186625 0.35336 0 0.36433 0 0.40001
0 0.444011 0 0.462905 0.0344648 0.469118 0.056243 0.477402 0.0686875 0.478438 0.0795766 0.474296 0.0826883 0.466012 0.0795766 0.379027 0.0826883 0.341748 0.0764656 0.281687 0.0764656 0.268225 0.0935773 0.268225 0.102911 0.281687 0.123134 0.304469 0.132467 0.329322 0.135578 0.356245 0.151134 0.362459 0.151134 0.389382 0.179134 0.414235 0.194691 0.44323 0.21958 0.484651 0.238247 0.496042 0.236691 0.528144 0.222691 0.552996 0.200912 0.60063 0.182245 0.665869 0.186912 0.623412 0.157356 0.602702 0.132467 0.563352 0.116911 0.544712 0.1138 0.513646 0.0951328 0.505362 0.0951328 0.460834 0.00646406 0.457105 0 0.444011 0
0 0.967209 0.256914 0.936142 0.235135 0.919573 0.235135 0.888508 0.244469 0.878152 0.241358 0.857442 0.24758 0.847087 0.244469 0.845016 0.24758 0.801523 0.250691 0.745605 0.27558 0.695899 0.306692 0.660691 0.316026 0.62859 0.358027 0.62859 0.370472 0.631696 0.378249 0.652407 0.384472 0.69797 0.35336 0.722823 0.350249 0.733178 0.356471 0.743534 0.356471 0.74457 0.361138 0.728001 0.386027 0.731107 0.390694 0.734214 0.389138 0.766316 0.365805 0.789097 0.365805 0.811879 0.372027 0.8533 0.359582 0.882295 0.337804 0.913361 0.291137 0.946498 0.27558 0.997238 0.26158 0.994132 0.256914 0.967209 0.256914
0 0.488793 0.813813 0.504327 0.793591 0.504327 0.787369 0.495006 0.785813 0.474296 0.792035 0.464976 0.809147 0.460834 0.824702 0.463941 0.82937 0.467047 0.827814 0.488793 0.813813
0 0.69797 0.72359 0.685544 0.714256 0.648265 0.711145 0.584062 0.760923 0.56128 0.773369 0.533321 0.781146 0.538498 0.788924 0.577849 0.80448 0.614092 0.806036 0.635838 0.798258 0.652407 0.785813 0.664834 0.767146 0.671047 0.764035 0.712468 0.757812 0.73732 0.767146 0.74457 0.765591 0.735249 0.754702 0.712468 0.742256 0.69797 0.72359
0 0 0.25252 0.0228047 0.238247 0.0393734 0.238247 0.0807945 0.250691 0.0870078 0.256914 0.0942562 0.255358 0.0735453 0.230469 0.0580125 0.197802 0.0186625 0.179134 0 0.173527 0 0.25252
0 0.718681 0.869815 0.712468 0.882259 0.706255 0.882259 0.67933 0.848037 0.65862 0.83248 0.629625 0.820036 0.624448 0.830925 0.624448 0.840259 0.632732 0.852703 0.634803 0.868259 0.651372 0.893148 0.610986 0.928927 0.601666 0.942927 0.602702 0.947594 0.607879 0.946038 0.65862 0.91026 0.671047 0.913371 0.687615 0.925816 0.693828 0.93826 0.718681 0.935149 0.729036 0.941372 0.72593 0.911816 0.715574 0.890038 0.728001 0.87137 0.718681 0.869815
0 0.39456 0.267803 0.397666 0.27558 0.408022 0.281803 0.411128 0.289581 0.402845 0.302026 0.40388 0.306692 0.426662 0.309804 0.455656 0.337804 0.478438 0.350249 0.508468 0.351805 0.515717 0.350249 0.538498 0.331582 0.571636 0.331582 0.572671 0.302026 0.567494 0.30047 0.56128 0.291137 0.52193 0.278692 0.488793 0.250691 0.441159 0.250691 0.39456 0.267803
0 0.635838 0.210246 0.629625 0.197802 0.627555 0.204023 0.623412 0.197802 0.610986 0.200912 0.60063 0.197802 0.581991 0.207135 0.555067 0.232024 0.542641 0.232024 0.538498 0.24758 0.532285 0.241358 0.526073 0.241358 0.514681 0.25847 0.52193 0.27247 0.534356 0.278692 0.538498 0.284914 0.56128 0.291137 0.573707 0.303581 0.583027 0.302026 0.594417 0.291137 0.625484 0.278692 0.635838 0.269359 0.652407 0.244469 0.68658 0.221135 0.67933 0.210246 0.662763 0.200912 0.654478 0.200912 0.644123 0.210246 0.635838 0.210246
0 1 0.501699 0.985848 0.490252 0.940284 0.474696 0.907148 0.471584 0.89265 0.465363 0.861584 0.468473 0.842945 0.477807 0.831554 0.488696 0.832589 0.493363 0.845016 0.499585 0.863655 0.518252 0.869869 0.530697 0.894721 0.555586 0.908183 0.575809 0.861584 0.586698 0.860548 0.597588 0.87401 0.614698 0.900934 0.617809 0.925787 0.611587 0.934071 0.605365 0.958924 0.605365 0.985848 0.617809 1 0.617202 1 0.501699
