0 0.297334 1 0.344921 0.954396 0.405477 0.877019 0.425662 0.856833 0.424541 0.865244 0.427905 0.87029 0.461548 0.873655 0.528833 0.860198 0.564718 0.843377 0.569204 0.836648 0.627517 0.796277 0.672373 0.752542 0.69368 0.717217 0.711623 0.649933 0.741901 0.611244 0.827128 0.554052 0.849556 0.533866 0.865256 0.530502 0.90787 0.506953 0.972912 0.49686 0.97964 0.493496 0.980762 0.485085 0.963941 0.47331 0.874227 0.476675 0.789 0.453125 0.741901 0.453125 0.714987 0.463218 0.70153 0.463218 0.688073 0.47331 0.661159 0.506953 0.636488 0.523774 0.616303 0.527138 0.580418 0.517045 0.540047 0.517045 0.490705 0.527138 0.443605 0.547323 0.425662 0.550687 0.409963 0.56078 0.394263 0.564145 0.32025 0.611244 0.172224 0.725628 0.118396 0.742449 0.0623258 0.78282 0.0544758 0.797959 0.0544758 0.808052 0.0634469 0.818145 0.0634469 0.828237 0.0578398 0.836648 0.0331688 0.853469 0.0174687 0.880383 0 0.890864 0 0.910661 0.0129836 0.910661 0.0230758 0.922436 0.0230758 0.935893 0.0163477 0.945985 0.0197117 0.95776 0.0578398 0.940939 0.109425 0.900568 0.12961 0.89384 0.154281 0.877019 0.199137 0.873655 0.252966 0.883747 0.314643 0.882065 0.302308 0.903932 0.273151 0.930846 0.261937 0.947667 0.230538 0.977945 0.212894 1 0.297334 1
0 0 0.47734 0.0488688 0.517045 0.0825109 0.567509 0.131853 0.601152 0.156524 0.611244 0.192409 0.611244 0.21708 0.601152 0.241752 0.597787 0.270908 0.604516 0.295579 0.617973 0.301186 0.616291 0.294458 0.606198 0.294458 0.59947 0.266423 0.56078 0.226052 0.530502 0.200259 0.501906 0.200259 0.474992 0.191287 0.444714 0.167738 0.406026 0.158767 0.399297 0.150917 0.40098 0.166617 0.437986 0.171102 0.461536 0.167738 0.469946 0.158767 0.469946 0.111668 0.446397 0.0578398 0.436304 0 0.412945 0 0.47734
0 0.401224 0 0.402113 0.004 0.433512 0.0611914 0.440241 0.0847414 0.449212 0.0981984 0.450334 0.109973 0.445848 0.113338 0.436877 0.109973 0.342678 0.113338 0.302308 0.106609 0.237266 0.106609 0.222688 0.125113 0.222688 0.135205 0.237266 0.157073 0.261937 0.167165 0.288851 0.17053 0.318007 0.187351 0.324736 0.187351 0.353892 0.217629 0.380806 0.23445 0.412206 0.261363 0.457062 0.281549 0.469398 0.279867 0.504162 0.264728 0.531076 0.241178 0.58266 0.220993 0.653309 0.226039 0.607331 0.194079 0.584903 0.167165 0.54229 0.150344 0.522104 0.14698 0.488462 0.126795 0.479491 0.126795 0.43127 0.0309133 0.416691 0.00568203 0.41101 0 0.401224 0
0 1 0.301734 0.97964 0.301734 0.945998 0.278185 0.928055 0.278185 0.894412 0.288277 0.883198 0.284913 0.86077 0.291641 0.849556 0.288277 0.847313 0.291641 0.800214 0.295006 0.739658 0.32192 0.68583 0.355563 0.647702 0.365655 0.612938 0.411072 0.612938 0.424529 0.616303 0.43294 0.638731 0.439668 0.688073 0.406026 0.714987 0.402662 0.726201 0.40939 0.737416 0.40939 0.738537 0.414436 0.720594 0.44135 0.723959 0.446397 0.727323 0.444714 0.762086 0.419483 0.786757 0.419483 0.811428 0.426211 0.856285 0.412754 0.887684 0.389205 0.921327 0.338741 0.957212 0.32192 1 0.310131 1 0.301734
0 0.461548 0.903932 0.47837 0.882065 0.47837 0.875337 0.468277 0.873655 0.445848 0.880383 0.435755 0.898886 0.43127 0.915707 0.434634 0.920754 0.437998 0.919071 0.461548 0.903932
0 0.688073 0.80637 0.674616 0.796277 0.634245 0.792913 0.564718 0.846741 0.540047 0.860198 0.509769 0.868608 0.515376 0.877019 0.557989 0.89384 0.597239 0.895522 0.620788 0.887111 0.638731 0.873655 0.652188 0.853469 0.658916 0.850105 0.703773 0.843377 0.730687 0.853469 0.738537 0.851787 0.728444 0.840012 0.703773 0.826555 0.688073 0.80637
0 0.713634 1 0.707137 0.986356 0.720594 0.966171 0.710502 0.964488 0.703773 0.977945 0.697045 0.977945 0.667887 0.940939 0.645459 0.924118 0.61406 0.910661 0.608453 0.922436 0.608453 0.932528 0.617424 0.945985 0.619667 0.962806 0.637609 0.98972 0.625989 1 0.713634 1
0 0.359499 0.313509 0.362864 0.32192 0.374078 0.328648 0.377442 0.337059 0.368471 0.350516 0.369592 0.355563 0.394263 0.358927 0.425662 0.389205 0.450334 0.402662 0.482855 0.404344 0.490705 0.402662 0.515376 0.382476 0.551261 0.382476 0.552382 0.350516 0.546775 0.348834 0.540047 0.338741 0.497434 0.325284 0.461548 0.295006 0.409963 0.295006 0.359499 0.313509
0 0.620788 0.251271 0.61406 0.237814 0.611817 0.244542 0.607331 0.237814 0.593874 0.241178 0.58266 0.237814 0.562475 0.247907 0.533319 0.27482 0.519862 0.27482 0.515376 0.291641 0.508648 0.284913 0.501919 0.284913 0.489584 0.303416 0.497434 0.318555 0.51089 0.325284 0.515376 0.332012 0.540047 0.338741 0.553504 0.352198 0.563597 0.350516 0.575932 0.338741 0.609574 0.325284 0.620788 0.315191 0.638731 0.288277 0.675737 0.263046 0.667887 0.251271 0.649945 0.241178 0.640974 0.241178 0.62976 0.251271 0.620788 0.251271
0 1 0.554193 0.999826 0.554052 0.950484 0.537231 0.914598 0.533866 0.898898 0.527138 0.865256 0.530502 0.845071 0.540595 0.832735 0.55237 0.833857 0.557416 0.847313 0.564145 0.867499 0.58433 0.874227 0.597787 0.901141 0.624701 0.91572 0.646569 0.865256 0.658343 0.864135 0.670118 0.878713 0.688621 0.90787 0.691986 0.934784 0.685257 0.943755 0.678529 0.970669 0.678529 0.999826 0.691986 1 0.691978 1 0.554193
